branch = [
   1   2  0.00003120  0.00007487  0.00000000  999  999  999  0  0  1  -360  360
   2   3  0.00003120  0.00007487  0.00000000  999  999  999  0  0  1  -360  360
   3   4  0.00009359  0.00022461  0.00000000  999  999  999  0  0  1  -360  360
   4   5  0.00156605  0.00183434  0.00000000  999  999  999  0  0  1  -360  360
   5   6  0.02283567  0.01162997  0.00000000  999  999  999  0  0  1  -360  360
   6   7  0.02377779  0.01211039  0.00000000  999  999  999  0  0  1  -360  360
   7   8  0.00575259  0.00293245  0.00000000  999  999  999  0  0  1  -360  360
   8   9  0.00307595  0.00156605  0.00000000  999  999  999  0  0  1  -360  360
   9  10  0.05109948  0.01688966  0.00000000  999  999  999  0  0  1  -360  360
  10  11  0.01167988  0.00386210  0.00000000  999  999  999  0  0  1  -360  360
  11  12  0.04438605  0.01466848  0.00000000  999  999  999  0  0  1  -360  360
  12  13  0.06426430  0.02121346  0.00000000  999  999  999  0  0  1  -360  360
  13  14  0.06513780  0.02152542  0.00000000  999  999  999  0  0  1  -360  360
  14  15  0.06601130  0.02181243  0.00000000  999  999  999  0  0  1  -360  360
  15  16  0.01226637  0.00405551  0.00000000  999  999  999  0  0  1  -360  360
  16  17  0.02335976  0.00772420  0.00000000  999  999  999  0  0  1  -360  360
  17  18  0.00029324  0.00009983  0.00000000  999  999  999  0  0  1  -360  360
  18  19  0.02043979  0.00675711  0.00000000  999  999  999  0  0  1  -360  360
  19  20  0.01313987  0.00434252  0.00000000  999  999  999  0  0  1  -360  360
  20  21  0.02131329  0.00704412  0.00000000  999  999  999  0  0  1  -360  360
  21  22  0.00087350  0.00028701  0.00000000  999  999  999  0  0  1  -360  360
  22  23  0.00992665  0.00328185  0.00000000  999  999  999  0  0  1  -360  360
  23  24  0.02160653  0.00714394  0.00000000  999  999  999  0  0  1  -360  360
  24  25  0.04671953  0.01544215  0.00000000  999  999  999  0  0  1  -360  360
  25  26  0.01927305  0.00637028  0.00000000  999  999  999  0  0  1  -360  360
  26  27  0.01080639  0.00356885  0.00000000  999  999  999  0  0  1  -360  360
   3  28  0.00027453  0.00067384  0.00000000  999  999  999  0  0  1  -360  360
  28  29  0.00399312  0.00976443  0.00000000  999  999  999  0  0  1  -360  360
  29  30  0.02481975  0.00820462  0.00000000  999  999  999  0  0  1  -360  360
  30  31  0.00437996  0.00144751  0.00000000  999  999  999  0  0  1  -360  360
  31  32  0.02189978  0.00723753  0.00000000  999  999  999  0  0  1  -360  360
  32  33  0.05234733  0.01756974  0.00000000  999  999  999  0  0  1  -360  360
  33  34  0.10656644  0.03522682  0.00000000  999  999  999  0  0  1  -360  360
  34  35  0.09196659  0.03040388  0.00000000  999  999  999  0  0  1  -360  360
   3  36  0.00027453  0.00067384  0.00000000  999  999  999  0  0  1  -360  360
  36  37  0.00399312  0.00976443  0.00000000  999  999  999  0  0  1  -360  360
  37  38  0.00656993  0.00767428  0.00000000  999  999  999  0  0  1  -360  360
  38  39  0.00189673  0.00221493  0.00000000  999  999  999  0  0  1  -360  360
  39  40  0.00011231  0.00013102  0.00000000  999  999  999  0  0  1  -360  360
  40  41  0.04544048  0.05308980  0.00000000  999  999  999  0  0  1  -360  360
  41  42  0.01934168  0.02260481  0.00000000  999  999  999  0  0  1  -360  360
  42  43  0.00255809  0.00298236  0.00000000  999  999  999  0  0  1  -360  360
  43  44  0.00057401  0.00072375  0.00000000  999  999  999  0  0  1  -360  360
  44  45  0.00679455  0.00856649  0.00000000  999  999  999  0  0  1  -360  360
  45  46  0.00005615  0.00007487  0.00000000  999  999  999  0  0  1  -360  360
   4  47  0.00021213  0.00052410  0.00000000  999  999  999  0  0  1  -360  360
  47  48  0.00530960  0.01299636  0.00000000  999  999  999  0  0  1  -360  360
  48  49  0.01808135  0.04424254  0.00000000  999  999  999  0  0  1  -360  360
  49  50  0.00512867  0.01254714  0.00000000  999  999  999  0  0  1  -360  360
   8  51  0.00579003  0.00295117  0.00000000  999  999  999  0  0  1  -360  360
  51  52  0.02070808  0.00695053  0.00000000  999  999  999  0  0  1  -360  360
   9  53  0.01085630  0.00552798  0.00000000  999  999  999  0  0  1  -360  360
  53  54  0.01266568  0.00645139  0.00000000  999  999  999  0  0  1  -360  360
  54  55  0.01773196  0.00902820  0.00000000  999  999  999  0  0  1  -360  360
  55  56  0.01755102  0.00894085  0.00000000  999  999  999  0  0  1  -360  360
  56  57  0.09920412  0.03329889  0.00000000  999  999  999  0  0  1  -360  360
  57  58  0.04889702  0.01640924  0.00000000  999  999  999  0  0  1  -360  360
  58  59  0.01897981  0.00627669  0.00000000  999  999  999  0  0  1  -360  360
  59  60  0.02408976  0.00731240  0.00000000  999  999  999  0  0  1  -360  360
  60  61  0.03166421  0.01612847  0.00000000  999  999  999  0  0  1  -360  360
  61  62  0.00607703  0.00309467  0.00000000  999  999  999  0  0  1  -360  360
  62  63  0.00904692  0.00460457  0.00000000  999  999  999  0  0  1  -360  360
  63  64  0.04432989  0.02257986  0.00000000  999  999  999  0  0  1  -360  360
  64  65  0.06495062  0.03308052  0.00000000  999  999  999  0  0  1  -360  360
  11  66  0.01255338  0.00381218  0.00000000  999  999  999  0  0  1  -360  360
  66  67  0.00029324  0.00008735  0.00000000  999  999  999  0  0  1  -360  360
  12  68  0.04613304  0.01524873  0.00000000  999  999  999  0  0  1  -360  360
  68  69  0.00029324  0.00009983  0.00000000  999  999  999  0  0  1  -360  360
];